.Random.seed <-
c(403L, 466L, 587738418L, 1617510649L, 827162932L, -19979044L, 
552747326L, -1043311631L, 1721577674L, -1380261381L, -1518707493L, 
-439575003L, -1928865654L, 1395407998L, 1898238562L, -1775798227L, 
-896243918L, 1092338237L, -1808341230L, 803954945L, 115819156L, 
-1617839223L, -1500835023L, 1731596144L, -1395032422L, -834029526L, 
-66260027L, -934680474L, -954955224L, 870755222L, 894735230L, 
1492152802L, -1516840172L, 1574578245L, 2099940816L, 1817880546L, 
2081979099L, 1390394861L, -1407843791L, 548845189L, 109260014L, 
1729531660L, -1199851141L, -1107970058L, 362187707L, -759295374L, 
834649977L, -1205536767L, 1054485235L, -1085550850L, 842844218L, 
-482475847L, 2043981789L, -1769227489L, 332825763L, -2099662045L, 
-987526581L, -279725111L, -71022307L, -667679381L, 1984554988L, 
1643909254L, -934143576L, 1008418256L, -1407894541L, 315557483L, 
185878668L, 1050298320L, -215356908L, 484019092L, -1001649176L, 
-334376090L, 866376527L, -611745782L, 503799641L, 1766207489L, 
-266505165L, -1288424609L, -1369764346L, 1184421900L, -529169951L, 
122514501L, 1886000357L, 1350544693L, 1145588081L, 16940921L, 
-303915333L, 1356280903L, -619360106L, -726486819L, 724559037L, 
-2059031429L, -522899790L, 1229706239L, 1897871880L, 1630127428L, 
-898180476L, 1311090645L, 1859271004L, -832856464L, -258118082L, 
710444571L, 1463038834L, 1224039787L, 1573728951L, -636478409L, 
-1556528830L, -284579283L, 2135486049L, 1406444288L, 2105466056L, 
-2131790298L, -1794896595L, -2139043119L, 409846950L, 1142185007L, 
684440703L, -185421710L, 1262099475L, 1786177441L, -1298032640L, 
-2058826270L, -1614602452L, 341531033L, -1392306582L, -12447312L, 
975491525L, -1799226639L, 782171043L, -239336424L, -297395476L, 
-403188711L, 1560467801L, 389583858L, -440005519L, 1937564139L, 
-83174601L, -846358577L, -1814894319L, 747130354L, 88811579L, 
-2095254205L, -2043949723L, 1980187827L, -1697132717L, 1921476114L, 
746987739L, -1229793049L, -1439869141L, -1044552624L, -975685883L, 
-76474900L, -132083950L, 1837905789L, -298364121L, 2045477833L, 
1379070320L, -43049550L, -647763545L, 623623161L, -2130053124L, 
1357218361L, -701449503L, -1164391541L, -45874879L, 1861775261L, 
1786657967L, 738454884L, 955265323L, 651645629L, -612747301L, 
1145501323L, -2013018609L, -1595836307L, 2103159765L, -1019047353L, 
1306125953L, -486248669L, -788948949L, 55541058L, 1993189299L, 
1951991977L, 1603747077L, -1286268365L, 624302103L, -2038014878L, 
1977381501L, -113778904L, -1490065431L, 1037589459L, 356462605L, 
-1216707424L, 2100958595L, 183971299L, 1329756504L, 43287615L, 
640749185L, -235218208L, 1471630354L, -869270756L, 557558896L, 
1455830146L, 1499063213L, -708627807L, -1468196519L, -94938226L, 
767042913L, 59860819L, -297750542L, -716631061L, -58456538L, 
1336416453L, 176297910L, -1107179866L, 2128362372L, -327407768L, 
-26912295L, 150520495L, -1881633578L, 1869705715L, 291396331L, 
-943208560L, -2058586499L, -79189532L, 750839594L, -1090146119L, 
-1051551164L, -749616063L, -842754803L, -1562652512L, -15277780L, 
15992047L, 677536079L, -1837518900L, -41602698L, 458524643L, 
-1323832709L, 1140755077L, 1630277074L, 239365417L, 1400540504L, 
583178452L, 1988170704L, -1487268773L, -32956974L, 1114408199L, 
119443147L, -1232691169L, 623042178L, 344776293L, 1344870270L, 
498229320L, 1839683873L, -521922816L, -1201503772L, -1986798283L, 
-507960543L, 612296719L, -676501160L, 1857960408L, -322464649L, 
-534337286L, -438500582L, 1399477182L, -1061370824L, 219916975L, 
1747903207L, 1830108764L, -121061373L, 860599359L, -814404002L, 
-853595289L, -1780570155L, -2080376185L, -1387164895L, -1333348910L, 
-2090453187L, -517920760L, -1918707498L, -1938045352L, -291630169L, 
-605990954L, 2117882929L, 1597108744L, 1529959278L, -1218283804L, 
-477455881L, 1307711443L, -378440075L, 1942614935L, -2093860923L, 
-46680420L, -2119354337L, 1038544548L, -1638475983L, -1771007862L, 
-1762440414L, -404197616L, -2011660083L, -1151186108L, 19048986L, 
-1064550733L, 2040826366L, 2052093609L, 400828080L, -312888235L, 
608975700L, -1275652451L, 291112672L, -439444885L, 1263001676L, 
2050125079L, -368621627L, 985882015L, 1924080961L, 1101451316L, 
1346109440L, 729830296L, -931641098L, -1948463251L, 1311630931L, 
1846385281L, -1743191843L, -1263704859L, -1238377588L, -281373411L, 
-1432936503L, 110613438L, -977596547L, 799451136L, 1702680853L, 
1618699071L, 1581757260L, 716769817L, -1587458855L, -358358718L, 
1996509129L, -329428797L, -1506981983L, 872289745L, 1281474247L, 
1285039483L, -2140654046L, 825466545L, -2132919571L, -1089781897L, 
1325861140L, -763018490L, -2024692040L, -577820905L, 1226710997L, 
-912239761L, 387123760L, -2005040853L, 951494500L, -1074952607L, 
-1616129783L, 677124990L, -340630143L, -1475722794L, 1400814712L, 
-1637599388L, -552381051L, -1209681335L, -1329621045L, 43988874L, 
1536200664L, -1335851273L, -1290087342L, -903252266L, 1700433090L, 
-1224398503L, 1586438145L, -2089453167L, 1326645970L, -1771245283L, 
1474501789L, -730429645L, -241835281L, -1047883976L, -947400366L, 
1547533675L, 1941750932L, 1880133324L, 166144633L, -697913984L, 
714040304L, 1217451172L, -1863390342L, 478706037L, -1467921491L, 
-1804915105L, 840207737L, 180633944L, 17949635L, -2134912283L, 
861854016L, 1911729570L, 689440543L, 540553976L, -2074219689L, 
-620029207L, 276592651L, -1807019958L, -2078674875L, 1049250959L, 
-1361301572L, -866662427L, -1467794599L, -1026076671L, -455717725L, 
-988357382L, 86643596L, 1430084088L, -1206487362L, 453809436L, 
84594537L, 877056073L, 1646557313L, -637099608L, -571473201L, 
88336847L, 2018168894L, -600717706L, 1337544124L, -1877897528L, 
-1877034842L, 357624824L, -1745140812L, 513877868L, -612112523L, 
-1698755336L, -1717081562L, -228133222L, 1175869227L, 864764467L, 
677622381L, -260681539L, 151475318L, 531814415L, 1614453231L, 
235154837L, -1960993780L, 188523290L, 917976680L, -1562870531L, 
1344960828L, -1006736655L, 1639059590L, 1339514508L, 1684226299L, 
1204527621L, 538382289L, 1399592320L, -1086433308L, -1330765841L, 
2065279148L, 260099932L, -481454512L, 1575715245L, 1215476623L, 
1748342662L, -1481091596L, -2061234323L, -245163848L, -1384489181L, 
1028769854L, 271490058L, 1768894520L, 1095628485L, 613947055L, 
-1601354678L, 1248113105L, 327668453L, -1196552756L, 51125508L, 
-69101495L, -877037054L, 547055794L, -657500523L, -1469909176L, 
1706827956L, -70393102L, 1566743039L, 1765373312L, 506766500L, 
1711165647L, -719432773L, 689342682L, -80924003L, 1844492687L, 
-1984216132L, 1506263805L, 1462741866L, -913282101L, 688670360L, 
-1214358932L, 1215583617L, 119171264L, -970743092L, -788029041L, 
875499338L, 826706298L, 1584055844L, -2056751086L, 2063434493L, 
1164049814L, -1777962865L, -39220482L, 696837036L, 102636668L, 
1956730588L, 1405588158L, -463383567L, -334513166L, -418412537L, 
785729168L, 118552228L, 26809754L, -220837898L, 692612087L, 275744387L, 
-243159246L, 236569044L, 139271402L, 600928097L, 631177185L, 
356687922L, -839436129L, 352307654L, -99659158L, -632267587L, 
-1005576706L, 2120879823L, 209037190L, 1765398707L, 1748388434L, 
-1786484695L, 1214591436L, -330131564L, 647065789L, 1667709299L, 
-1447378497L, 1065160253L, 614174021L, -628016014L, 937839850L, 
415898969L, 1493314756L, -349741096L, 763055983L, -1716904224L, 
-1815066645L, 1182802057L, -910328022L, 1300825297L, 469982446L, 
257671071L, 1475524710L, 1825413376L, -1237800751L, -2081276567L, 
354843691L, 1079996484L, 1243959318L, 128551078L, -2020258035L, 
-967985429L, -490404571L, -1992014791L, -949668137L, -379801628L, 
-1264746844L, -363628519L, 638827899L, -810472446L, 10169689L, 
339429544L, -1190485655L, 1558086213L, 2032712130L, 1944995537L, 
1374644549L, 1187625010L, -860043853L, 314395168L, -498354513L, 
-1657477764L, -1308681032L, -1549073167L, -1773826796L, 1703318481L, 
-525460750L, -524238015L, 389085456L, -1884619530L, 10365421L, 
-1025421002L, 128292418L, 1269030178L, -1354875906L, 954818155L, 
137509274L, 1878419511L, -512582943L, 2090215728L, 145270203L, 
